labels,cluster_1,cluster_2,cluster_3,cluster_4
audiobooks,0.08333333333333333,0.4166666666666667,0.3333333333333333,0.16666666666666666
broadcast_interview,0.08333333333333333,0.16666666666666666,0.25,0.5
child,0.17391304347826086,0.391304347826087,0.2608695652173913,0.17391304347826086
clinical,0.125,0.2916666666666667,0.375,0.20833333333333334
maptask,0.21739130434782608,0.17391304347826086,0.30434782608695654,0.30434782608695654
restaurant,0.08333333333333333,0.16666666666666666,0.3333333333333333,0.4166666666666667
socio_field,0.16666666666666666,0.25,,0.5833333333333334
socio_lab,0.25,0.25,0.125,0.375
webvideo,0.21875,0.25,0.1875,0.34375
